1.00000000 0.00000000 0.00000000 0.00000000 0.00000000 0.00000000 0.00000000 0.00000000 0.00000000 0.00000000 0.00000000 0.00000000 0.80586275 -0.06984416 -0.08782615 -0.12943987 0.01567529 -0.07188084 0.57440424 0.40366629 0.16692600 -0.18925148 0.05606092 -0.22684810 -0.19863768 -0.15759664 0.30295250 0.30375416 -0.17429112 -0.12401610 -0.34392176 0.63871035 -0.51483011 -0.01471020 0.10476636 0.31190010 0.28757140 0.24912548 0.00106241 -0.05608461
0.00000000 1.00000000 0.00000000 0.00000000 0.00000000 0.00000000 0.00000000 0.00000000 0.00000000 0.00000000 0.00000000 0.00000000 -0.36952693 0.54465912 0.70119163 -0.06565107 -0.15198502 -0.28785466 -0.18748293 -0.09222188 0.01017582 -0.04537994 -0.12897277 0.14701175 -0.02820580 -0.11260790 -0.03766820 0.35029945 0.27110802 -0.19945158 -0.00399888 -0.17962800 -0.02431889 0.02865745 -0.26536606 0.07196254 0.03195849 0.11832657 -0.03287431 0.06377693
0.00000000 0.00000000 1.00000000 0.00000000 0.00000000 0.00000000 0.00000000 0.00000000 0.00000000 0.00000000 0.00000000 0.00000000 -0.10302024 0.10502582 0.02960446 0.09894954 -0.31810748 -0.11940179 0.14672696 0.31449370 0.59548933 0.36049094 -0.14211435 -0.00813170 0.51562047 0.06859246 -0.45087972 -0.50746870 -0.00385799 -0.55755970 0.82331854 0.01457580 -0.42263698 0.17653358 0.31174901 -0.32521964 -0.47168555 -0.34468885 -0.32646638 -0.53712938
0.00000000 0.00000000 0.00000000 1.00000000 0.00000000 0.00000000 0.00000000 0.00000000 0.00000000 0.00000000 0.00000000 0.00000000 0.25694598 0.22374574 0.59812766 -0.90758302 0.20184909 -0.46421480 0.37831649 -0.39379920 0.19408096 0.03959209 0.36216768 -0.13600518 0.18988317 0.41525941 0.10830157 -0.14395820 -0.56919173 -0.24742187 0.15766672 0.31101134 0.01848529 0.23522787 0.21654738 -0.13163395 0.08969943 0.00030960 -0.08912262 -0.03402810
0.00000000 0.00000000 0.00000000 0.00000000 1.00000000 0.00000000 0.00000000 0.00000000 0.00000000 0.00000000 0.00000000 0.00000000 0.01644937 -0.61046656 -0.28063503 -1.16068881 1.17681935 0.51312843 -0.07065769 0.18803814 -0.02753691 0.31120914 -0.22055082 0.84928923 -0.02172839 0.29839395 -0.48563497 0.10379440 1.13660378 0.15724162 0.15812323 0.08664308 -0.43383524 0.21618999 0.49482778 -0.19410462 -0.29128921 -0.18473443 -0.05409896 -0.49464229
0.00000000 0.00000000 0.00000000 0.00000000 0.00000000 1.00000000 0.00000000 0.00000000 0.00000000 0.00000000 0.00000000 0.00000000 -0.01255235 0.04279771 0.51546608 0.28781366 1.17026731 0.13564334 0.08719383 -0.22661181 0.13947276 -0.15879600 -0.03831320 0.09753350 0.06175917 0.41981481 -0.49124262 0.00316307 0.10023599 0.05683755 0.29848171 0.06682271 0.31639117 -0.06858237 0.11810974 -0.60865777 -0.28371648 -0.09632099 -0.02592513 0.15680675
0.00000000 0.00000000 0.00000000 0.00000000 0.00000000 0.00000000 1.00000000 0.00000000 0.00000000 0.00000000 0.00000000 0.00000000 -0.06076904 0.34780934 -0.18443987 0.28911566 -0.79666113 -0.23972667 0.00138766 -0.15244142 -0.06244356 -0.16859178 0.28415471 -0.20671662 -0.16136924 0.16975503 0.35767329 -0.62199319 -0.19011804 -0.38506072 0.48048045 0.22335990 0.06047896 -0.52594613 -0.13035360 -0.28776791 -0.35031008 -0.14341100 0.20335627 0.40122454
0.00000000 0.00000000 0.00000000 0.00000000 0.00000000 0.00000000 0.00000000 1.00000000 0.00000000 0.00000000 0.00000000 0.00000000 0.02585733 0.31692027 -0.53811847 0.88966390 -0.70768099 0.00562876 -0.14585213 -0.48375886 -0.01430782 0.33155636 0.16789934 0.77413248 0.36662898 0.40206826 0.33993992 0.06690565 0.15375621 -0.23273722 0.53798156 -0.14246008 0.19188232 0.25678114 0.09827512 -0.25791996 -0.37159174 -0.07224391 0.02766176 -0.54890999
0.00000000 0.00000000 0.00000000 0.00000000 0.00000000 0.00000000 0.00000000 0.00000000 1.00000000 0.00000000 0.00000000 0.00000000 0.06762145 -0.11583364 -0.22529662 0.15351812 -0.32907788 -0.34751434 -0.00328850 -0.31973168 0.36327172 0.59967943 0.33756073 0.54369811 0.91484310 0.10080947 0.30463961 -0.01880719 -0.45232549 -0.99558595 -0.11020443 -0.15095270 -0.18670123 0.65467320 0.02459202 0.32559066 0.07311227 -0.20168801 -0.77248748 -0.59362922
0.00000000 0.00000000 0.00000000 0.00000000 0.00000000 0.00000000 0.00000000 0.00000000 0.00000000 1.00000000 0.00000000 0.00000000 0.14100835 -0.09812955 -0.34459484 0.10835315 0.14079143 0.13447279 -0.02422000 -0.07973987 0.29000909 -0.16415357 -0.90122161 -0.19982638 -0.33758441 -0.52298665 -0.62513057 -0.12217815 -0.13942313 0.69033092 -0.40784518 -0.14420986 0.18931445 0.23875564 0.37093996 -0.07042709 -0.07221436 -0.34760530 0.12385204 0.19928023
0.00000000 0.00000000 0.00000000 0.00000000 0.00000000 0.00000000 0.00000000 0.00000000 0.00000000 0.00000000 1.00000000 0.00000000 -0.02060222 -0.17511942 -0.26375733 -0.13854057 0.13853207 0.18093199 0.15971262 0.31180497 0.23523806 0.10904731 0.02478244 -0.07916716 0.52500969 -0.24542362 0.04879331 0.43331048 0.23386412 -0.32064104 -0.08937449 0.12129165 -0.13204370 0.11217921 -0.06687149 -0.25550403 -0.17834912 -0.14372409 -0.38642928 -0.42758358
0.00000000 0.00000000 0.00000000 0.00000000 0.00000000 0.00000000 0.00000000 0.00000000 0.00000000 0.00000000 0.00000000 1.00000000 0.10555502 -0.26545298 0.24598690 -0.32289956 0.28894844 -0.09695155 0.04261918 -0.30084176 0.02553501 -0.07808398 -0.19691669 0.01749666 -0.06213038 0.03291190 0.16053073 0.20656348 -0.08339466 -0.45522977 -0.16238391 -0.01544958 0.01169903 0.25112430 -0.34636506 0.37338290 0.18928879 -0.02287380 -0.05173868 0.13787511
0.80586275 -0.36952693 -0.10302024 0.25694598 0.01644937 -0.01255235 -0.06076904 0.02585733 0.06762145 0.14100835 -0.02060222 0.10555502 1.00000000 0.00000000 0.00000000 0.00000000 0.00000000 0.00000000 0.80635185 -0.12281011 -0.12083303 0.12768663 -0.11565965 -0.09028913 -0.15429942 -0.08143555 0.09955807 -0.01155447 0.17135039 0.09922762 -0.07216048 0.88465749 0.08642614 0.37254465 0.06716929 0.10671955 -0.10071296 -0.10400145 0.12198099 0.03872537
-0.06984416 0.54465912 0.10502582 0.22374574 -0.61046656 0.04279771 0.34780934 0.31692027 -0.11583364 -0.09812955 -0.17511942 -0.26545298 0.00000000 1.00000000 0.00000000 0.00000000 0.00000000 0.00000000 0.07856170 -0.21062221 0.06812280 -0.32543306 -0.19358100 0.08352284 0.18408818 -0.09085175 -0.02966889 -0.28597191 0.06160181 0.52303785 0.24319084 0.03330207 0.35143851 -0.01309066 0.10382224 -0.63911309 -0.23405309 0.14794025 -0.18378415 -0.18162383
-0.08782615 0.70119163 0.02960446 0.59812766 -0.28063503 0.51546608 -0.18443987 -0.53811847 -0.22529662 -0.34459484 -0.26375733 0.24598690 0.00000000 0.00000000 1.00000000 0.00000000 0.00000000 0.00000000 -0.18767295 0.17370375 0.18365174 -0.76236528 0.28664824 -0.20919124 0.42425433 0.15344601 -0.85321879 -0.15418169 -0.11065941 -0.69351719 -0.39216832 -0.20511481 0.06959754 -0.41961685 -0.77988264 0.43860402 0.60304146 0.20259246 -0.95159396 0.95869426
-0.12943987 -0.06565107 0.09894954 -0.90758302 -1.16068881 0.28781366 0.28911566 0.88966390 0.15351812 0.10835315 -0.13854057 -0.32289956 0.00000000 0.00000000 0.00000000 1.00000000 0.00000000 0.00000000 -0.28417192 -0.09807288 0.07014268 -0.23247753 -0.21165364 -0.08096849 0.04785821 0.17256126 0.07853147 -0.16794780 0.18834858 0.38370286 0.73540777 -0.35294576 -0.08738718 -0.19428265 -0.39210869 -0.93778565 -0.71383766 0.22089666 0.11561498 -0.10405262
0.01567529 -0.15198502 -0.31810748 0.20184909 1.17681935 1.17026731 -0.79666113 -0.70768099 -0.32907788 0.14079143 0.13853207 0.28894844 0.00000000 0.00000000 0.00000000 0.00000000 1.00000000 0.00000000 -0.07052640 -0.08446545 0.72791379 -0.56745814 0.19144919 0.02466481 0.19659426 0.74202933 -0.90991113 0.23062199 0.11801157 -0.26772095 -0.80430175 -0.01548865 0.52455649 -0.35561575 0.36493614 -0.26066786 0.63875478 0.12153327 -0.35400556 0.95209103
-0.07188084 -0.28785466 -0.11940179 -0.46421480 0.51312843 0.13564334 -0.23972667 0.00562876 -0.34751434 0.13447279 0.18093199 -0.09695155 0.00000000 0.00000000 0.00000000 0.00000000 0.00000000 1.00000000 -0.01114863 -0.10904482 -0.30436787 -0.10342249 -0.02242204 -0.13157028 0.03158123 0.19156948 -0.19305653 0.31510947 0.65885127 0.29823486 0.40375414 0.04588410 -0.03909993 0.08492585 -0.31445859 -0.34757255 -0.69768568 -0.19590941 0.23075334 0.17645877
0.57440424 -0.18748293 0.14672696 0.37831649 -0.07065769 0.08719383 0.00138766 -0.14585213 -0.00328850 -0.02422000 0.15971262 0.04261918 0.80635185 0.07856170 -0.18767295 -0.28417192 -0.07052640 -0.01114863 1.00000000 0.00000000 0.00000000 0.00000000 0.00000000 0.00000000 0.00000000 0.00000000 0.00000000 0.00000000 0.00000000 0.00000000 0.00000000 0.66297043 -0.02726971 0.24037514 0.13378812 -0.01886164 -0.10396295 -0.00337283 0.00026704 -0.05385385
0.40366629 -0.09222188 0.31449370 -0.39379920 0.18803814 -0.22661181 -0.15244142 -0.48375886 -0.31973168 -0.07973987 0.31180497 -0.30084176 -0.12281011 -0.21062221 0.17370375 -0.09807288 -0.08446545 -0.10904482 0.00000000 1.00000000 0.00000000 0.00000000 0.00000000 0.00000000 0.00000000 0.00000000 0.00000000 0.00000000 0.00000000 0.00000000 0.00000000 0.08915523 -0.79711002 -0.33058692 0.00606768 0.63441210 0.18123988 -0.03117245 -0.12361895 -0.35824804
0.16692600 0.01017582 0.59548933 0.19408096 -0.02753691 0.13947276 -0.06244356 -0.01430782 0.36327172 0.29000909 0.23523806 0.02553501 -0.12083303 0.06812280 0.18365174 0.07014268 0.72791379 -0.30436787 0.00000000 0.00000000 1.00000000 0.00000000 0.00000000 0.00000000 0.00000000 0.00000000 0.00000000 0.00000000 0.00000000 0.00000000 0.00000000 -0.03124901 -0.20714510 0.02113280 0.90049352 -0.60379014 0.25690933 -0.05099639 -0.09602208 0.00584059
-0.18925148 -0.04537994 0.36049094 0.03959209 0.31120914 -0.15879600 -0.16859178 0.33155636 0.59967943 -0.16415357 0.10904731 -0.07808398 0.12768663 -0.32543306 -0.76236528 -0.23247753 -0.56745814 -0.10342249 0.00000000 0.00000000 0.00000000 1.00000000 0.00000000 0.00000000 0.00000000 0.00000000 0.00000000 0.00000000 0.00000000 0.00000000 0.00000000 0.02340795 -0.20112359 0.28011552 0.31980965 -0.00237811 -0.23065320 -0.31894706 0.27702533 -0.55816054
0.05606092 -0.12897277 -0.14211435 0.36216768 -0.22055082 -0.03831320 0.28415471 0.16789934 0.33756073 -0.90122161 0.02478244 -0.19691669 -0.11565965 -0.19358100 0.28664824 -0.21165364 0.19144919 -0.02242204 0.00000000 0.00000000 0.00000000 0.00000000 1.00000000 0.00000000 0.00000000 0.00000000 0.00000000 0.00000000 0.00000000 0.00000000 0.00000000 -0.01629543 -0.26857284 -0.00600861 -0.05777789 -0.08294302 0.15545702 0.31641886 -0.21005576 -0.10815211
-0.22684810 0.14701175 -0.00813170 -0.13600518 0.84928923 0.09753350 -0.20671662 0.77413248 0.54369811 -0.19982638 -0.07916716 0.01749666 -0.09028913 0.08352284 -0.20919124 -0.08096849 0.02466481 -0.13157028 0.00000000 0.00000000 0.00000000 0.00000000 0.00000000 1.00000000 0.00000000 0.00000000 0.00000000 0.00000000 0.00000000 0.00000000 0.00000000 -0.04953826 0.14850791 0.28254424 0.23854304 -0.01978504 -0.18554296 0.02632621 -0.34551208 -0.79166383
-0.19863768 -0.02820580 0.51562047 0.18988317 -0.02172839 0.06175917 -0.16136924 0.36662898 0.91484310 -0.33758441 0.52500969 -0.06213038 -0.15429942 0.18408818 0.42425433 0.04785821 0.19659426 0.03158123 0.00000000 0.00000000 0.00000000 0.00000000 0.00000000 0.00000000 1.00000000 0.00000000 0.00000000 0.00000000 0.00000000 0.00000000 0.00000000 -0.10537293 0.15425819 0.27913323 -0.08601929 0.02793367 -0.15221171 -0.19415313 -0.74192921 -0.36881052
-0.15759664 -0.11260790 0.06859246 0.41525941 0.29839395 0.41981481 0.16975503 0.40206826 0.10080947 -0.52298665 -0.24542362 0.03291190 -0.08143555 -0.09085175 0.15344601 0.17256126 0.74202933 0.19156948 0.00000000 0.00000000 0.00000000 0.00000000 0.00000000 0.00000000 0.00000000 1.00000000 0.00000000 0.00000000 0.00000000 0.00000000 0.00000000 0.02177064 0.16446292 -0.01440112 0.12256433 -0.63146718 -0.15415187 0.02073914 0.29986467 0.09194163
0.30295250 -0.03766820 -0.45087972 0.10830157 -0.48563497 -0.49124262 0.35767329 0.33993992 0.30463961 -0.62513057 0.04879331 0.16053073 0.09955807 -0.02966889 -0.85321879 0.07853147 -0.90991113 -0.19305653 0.00000000 0.00000000 0.00000000 0.00000000 0.00000000 0.00000000 0.00000000 0.00000000 1.00000000 0.00000000 0.00000000 0.00000000 0.00000000 -0.00895237 -0.23923753 0.13222895 -0.02918951 0.29450397 0.45263179 0.56533591 0.07242881 -0.68141952
0.30375416 0.35029945 -0.50746870 -0.14395820 0.10379440 0.00316307 -0.62199319 0.06690565 -0.01880719 -0.12217815 0.43331048 0.20656348 -0.01155447 -0.28597191 -0.15418169 -0.16794780 0.23062199 0.31510947 0.00000000 0.00000000 0.00000000 0.00000000 0.00000000 0.00000000 0.00000000 0.00000000 0.00000000 1.00000000 0.00000000 0.00000000 0.00000000 -0.08729540 -0.14904692 0.10952278 -0.37360625 0.29647598 0.21240901 0.36260447 0.32608645 0.06258534
-0.17429112 0.27110802 -0.00385799 -0.56919173 1.13660378 0.10023599 -0.19011804 0.15375621 -0.45232549 -0.13942313 0.23386412 -0.08339466 0.17135039 0.06160181 -0.11065941 0.18834858 0.11801157 0.65885127 0.00000000 0.00000000 0.00000000 0.00000000 0.00000000 0.00000000 0.00000000 0.00000000 0.00000000 0.00000000 1.00000000 0.00000000 0.00000000 0.08115211 -0.15614786 0.27025670 -0.13428513 -0.69923085 -0.75445419 -0.07681269 -0.61805771 -0.43017482
-0.12401610 -0.19945158 -0.55755970 -0.24742187 0.15724162 0.05683755 -0.38506072 -0.23273722 -0.99558595 0.69033092 -0.32064104 -0.45522977 0.09922762 0.52303785 -0.69351719 0.38370286 -0.26772095 0.29823486 0.00000000 0.00000000 0.00000000 0.00000000 0.00000000 0.00000000 0.00000000 0.00000000 0.00000000 0.00000000 0.00000000 1.00000000 0.00000000 -0.06745093 0.22559648 0.16559667 0.44724423 -0.34989615 -0.21216827 0.24447001 0.23341379 -0.02777428
-0.34392176 -0.00399888 0.82331854 0.15766672 0.15812323 0.29848171 0.48048045 0.53798156 -0.11020443 -0.40784518 -0.08937449 -0.16238391 -0.07216048 0.24319084 -0.39216832 0.73540777 -0.80430175 0.40375414 0.00000000 0.00000000 0.00000000 0.00000000 0.00000000 0.00000000 0.00000000 0.00000000 0.00000000 0.00000000 0.00000000 0.00000000 1.00000000 0.00500809 -0.27709685 0.00445416 0.26585039 -0.79224076 -1.37727776 -0.51881090 0.30518228 -0.47091240
0.63871035 -0.17962800 0.01457580 0.31101134 0.08664308 0.06682271 0.22335990 -0.14246008 -0.15095270 -0.14420986 0.12129165 -0.01544958 0.88465749 0.03330207 -0.20511481 -0.35294576 -0.01548865 0.04588410 0.66297043 0.08915523 -0.03124901 0.02340795 -0.01629543 -0.04953826 -0.10537293 0.02177064 -0.00895237 -0.08729540 0.08115211 -0.06745093 0.00500809 1.00000000 0.00000000 0.00000000 0.00000000 0.00000000 0.00000000 0.00000000 0.00000000 0.00000000
-0.51483011 -0.02431889 -0.42263698 0.01848529 -0.43383524 0.31639117 0.06047896 0.19188232 -0.18670123 0.18931445 -0.13204370 0.01169903 0.08642614 0.35143851 0.06959754 -0.08738718 0.52455649 -0.03909993 -0.02726971 -0.79711002 -0.20714510 -0.20112359 -0.26857284 0.14850791 0.15425819 0.16446292 -0.23923753 -0.14904692 -0.15614786 0.22559648 -0.27709685 0.00000000 1.00000000 0.00000000 0.00000000 0.00000000 0.00000000 0.00000000 0.00000000 0.00000000
-0.01471020 0.02865745 0.17653358 0.23522787 0.21618999 -0.06858237 -0.52594613 0.25678114 0.65467320 0.23875564 0.11217921 0.25112430 0.37254465 -0.01309066 -0.41961685 -0.19428265 -0.35561575 0.08492585 0.24037514 -0.33058692 0.02113280 0.28011552 -0.00600861 0.28254424 0.27913323 -0.01440112 0.13222895 0.10952278 0.27025670 0.16559667 0.00445416 0.00000000 0.00000000 1.00000000 0.00000000 0.00000000 0.00000000 0.00000000 0.00000000 0.00000000
0.10476636 -0.26536606 0.31174901 0.21654738 0.49482778 0.11810974 -0.13035360 0.09827512 0.02459202 0.37093996 -0.06687149 -0.34636506 0.06716929 0.10382224 -0.77988264 -0.39210869 0.36493614 -0.31445859 0.13378812 0.00606768 0.90049352 0.31980965 -0.05777789 0.23854304 -0.08601929 0.12256433 -0.02918951 -0.37360625 -0.13428513 0.44724423 0.26585039 0.00000000 0.00000000 0.00000000 1.00000000 0.00000000 0.00000000 0.00000000 0.00000000 0.00000000
0.31190010 0.07196254 -0.32521964 -0.13163395 -0.19410462 -0.60865777 -0.28776791 -0.25791996 0.32559066 -0.07042709 -0.25550403 0.37338290 0.10671955 -0.63911309 0.43860402 -0.93778565 -0.26066786 -0.34757255 -0.01886164 0.63441210 -0.60379014 -0.00237811 -0.08294302 -0.01978504 0.02793367 -0.63146718 0.29450397 0.29647598 -0.69923085 -0.34989615 -0.79224076 0.00000000 0.00000000 0.00000000 0.00000000 1.00000000 0.00000000 0.00000000 0.00000000 0.00000000
0.28757140 0.03195849 -0.47168555 0.08969943 -0.29128921 -0.28371648 -0.35031008 -0.37159174 0.07311227 -0.07221436 -0.17834912 0.18928879 -0.10071296 -0.23405309 0.60304146 -0.71383766 0.63875478 -0.69768568 -0.10396295 0.18123988 0.25690933 -0.23065320 0.15545702 -0.18554296 -0.15221171 -0.15415187 0.45263179 0.21240901 -0.75445419 -0.21216827 -1.37727776 0.00000000 0.00000000 0.00000000 0.00000000 0.00000000 1.00000000 0.00000000 0.00000000 0.00000000
0.24912548 0.11832657 -0.34468885 0.00030960 -0.18473443 -0.09632099 -0.14341100 -0.07224391 -0.20168801 -0.34760530 -0.14372409 -0.02287380 -0.10400145 0.14794025 0.20259246 0.22089666 0.12153327 -0.19590941 -0.00337283 -0.03117245 -0.05099639 -0.31894706 0.31641886 0.02632621 -0.19415313 0.02073914 0.56533591 0.36260447 -0.07681269 0.24447001 -0.51881090 0.00000000 0.00000000 0.00000000 0.00000000 0.00000000 0.00000000 1.00000000 0.00000000 0.00000000
0.00106241 -0.03287431 -0.32646638 -0.08912262 -0.05409896 -0.02592513 0.20335627 0.02766176 -0.77248748 0.12385204 -0.38642928 -0.05173868 0.12198099 -0.18378415 -0.95159396 0.11561498 -0.35400556 0.23075334 0.00026704 -0.12361895 -0.09602208 0.27702533 -0.21005576 -0.34551208 -0.74192921 0.29986467 0.07242881 0.32608645 -0.61805771 0.23341379 0.30518228 0.00000000 0.00000000 0.00000000 0.00000000 0.00000000 0.00000000 0.00000000 1.00000000 0.00000000
-0.05608461 0.06377693 -0.53712938 -0.03402810 -0.49464229 0.15680675 0.40122454 -0.54890999 -0.59362922 0.19928023 -0.42758358 0.13787511 0.03872537 -0.18162383 0.95869426 -0.10405262 0.95209103 0.17645877 -0.05385385 -0.35824804 0.00584059 -0.55816054 -0.10815211 -0.79166383 -0.36881052 0.09194163 -0.68141952 0.06258534 -0.43017482 -0.02777428 -0.47091240 0.00000000 0.00000000 0.00000000 0.00000000 0.00000000 0.00000000 0.00000000 0.00000000 1.00000000
